# row_id textId2  (hybrid location override; loaded when MapForGoblins.ini locationSource=hybrid)
2000051 50110001
2000054 50110000
2000055 50110000
2000068 50110001
2000070 50110001
2000089 12012
2000090 12012
2000091 12012
2000092 12012
2000093 12012
2000094 12012
2000097 12012
2000098 12012
2000099 6614600
2000100 12012
2000102 6614701
2000105 6614600
2000106 6614600
2000107 6614600
2000108 6614600
2000111 6614600
2000114 6614600
2000116 12012
2000117 12011
2000118 12012
2000119 12011
2000120 12011
2000121 12011
2000122 12011
2000125 6654604
2000126 12020
2000128 6654602
2000129 6654602
2000130 6654604
2000131 6654604
2000134 6654604
2000135 6654604
2000136 6654602
2000137 6654602
2000146 12020
2000147 12020
2000148 12020
2000149 6654604
2000150 6654604
2000151 6654604
2000152 6654604
2000153 6654604
2000154 6654602
2000155 12020
2000156 12020
2000157 6654604
2000158 6654604
2000184 6664500
2000185 6664500
2000186 6664500
2000187 6664500
2000188 6664500
2000189 6664500
2000190 6664500
2000191 6664500
2000192 6664500
2000193 6664500
2000195 6664500
2000197 6664500
2000205 6654600
2000206 12020
2000207 6654600
2000436 34121
2000437 34121
2001114 12012
2001115 12011
2001116 12020
2001227 34121
2100003 50150000
2100004 50150001
2200003 6654601
2200005 50140000
2200008 6515600
2200012 6880800
2200013 21000
2200016 21010
2200017 6870800
2200019 34111
2300004 63003
3000011 6880800
3000012 6880800
3000013 6880800
3000014 6880800
3000069 21010
3000070 21010
3000071 21010
3050001 6614600
3050002 6614600
3050003 6604700
3050004 6654601
3050005 6654601
3050006 6654604
3100003 6614700
3100005 6654602
3100012 21010
3300000 50140000
3400000 6614600
3400001 6654601
3500001 50110001
3500003 50110000
3500004 6614600
3500005 6604700
3500006 6654601
3500011 50140000
3500013 50150000
3500014 6515500
3500015 50150001
3500016 50150001
3500018 50160000
3500020 63003
3600002 9006
3600004 50110000
3600009 21010
3700000 6120000
3700002 9006
3700004 6614700
3700005 6614600
3700011 6515600
3700013 6880800
3700014 6880800
3700023 41020
3700025 43010
3750001 6880800
3750004 6890800
3750007 6990800
3750008 6870800
3800002 6654601
3900021 6604700
3900022 6604700
3900027 6664500
3900028 6664500
3920000 6604700
3920001 6604700
3920002 6604700
3920003 6654602
3920007 12020
3920011 6664500
3920012 6664500
3920013 6664500
3950001 21010
4000016 50110001
4000017 9006
4000019 11000
4000020 11000
4000022 9006
4000025 11000
4000026 11000
4000027 50110000
4000028 50110000
4000034 6614700
4000035 12011
4000036 12011
4000037 6614600
4000038 6614600
4000039 6604700
4000040 6654601
4000042 6654604
4000043 12070
4000046 6664500
4000050 13000
4000052 50140000
4000053 50140000
4000055 14000
4000057 50150000
4000058 50150000
4000059 15001
4000061 50150001
4000062 15000
4000068 16000
4000069 16000
4000070 50160000
4000071 18000
4000077 6890800
4000080 6870800
4000106 31190
4000123 34121
4000125 63003
4100002 50110001
4100003 50110001
4100015 9006
4100018 12011
4100019 6654601
4100020 6654604
4100025 12050
4100026 12050
4100027 12050
4100028 12050
4100033 13000
4100034 13000
4100035 13000
4100036 13000
4100037 13000
4100038 13000
4100039 13000
4100040 13000
4100041 50140000
4100042 50140000
4100051 15001
4100055 50150001
4100056 50150001
4100057 50150001
4100058 50150001
4100069 21000
4100070 21010
4100071 21010
4100077 30090
4100078 30090
4100079 30090
4100080 30090
4100114 34111
4100115 63003
4200004 450000
4200005 50110001
4200009 6614600
4200010 12011
4200011 12012
4200012 6654604
4200013 6654604
4200014 12070
4200015 12020
4200026 15001
4200027 15001
4200029 50150001
4200032 16000
4200036 6801000
4200037 6880800
4200039 6990800
4200068 34111
4200069 63002
4200070 35002
4200071 35002
4200072 35002
4300001 6614600
4300002 6614600
4300003 6614701
4300004 6654601
4300012 50150000
4300013 15001
4300015 50160000
4300017 6890800
4400002 9006
4400010 6880800
4400011 21010
4400012 21010
4500000 10000
4500005 12070
4500006 6654602
4500010 50150000
4500016 21010
4500017 22000
4500020 35002
4600001 11100
4600002 6614600
4600006 13000
4600010 14000
4600011 50160000
4600012 21000
4600023 34110
4600024 34110
4900000 10000
4900001 11000
5000007 6614600
5000008 6614701
5000009 6654604
5000013 6664500
5000018 15001
5000019 15001
5000028 34121
5100000 6614600
5100003 50150001
5150000 6604700
5150001 12070
5150002 6664500
5200007 9006
5200010 12011
5200011 12012
5200012 6654601
5200021 50140000
5200022 50150000
5200023 50150000
5200024 6515500
5200030 6890800
5200031 6890800
5200033 6990800
5200046 43010
5300028 50110001
5300029 9006
5300038 11000
5300042 50110000
5300044 6614700
5300045 12011
5300046 6614700
5300047 12011
5300049 12011
5300051 6614600
5300052 6614600
5300053 12011
5300054 6614600
5300055 12012
5300056 6614600
5300057 6614600
5300058 6614600
5300059 6614600
5300060 12012
5300061 6614600
5300062 6604700
5300063 6604700
5300064 6604700
5300065 6604700
5300066 6604700
5300067 6604700
5300068 12012
5300069 6614701
5300070 12012
5300071 6614701
5300072 12012
5300073 6654601
5300076 6654604
5300077 6654604
5300078 6654604
5300082 6654602
5300083 6654602
5300084 6654602
5300110 6664500
5300125 50140000
5300126 50140000
5300127 50140000
5300128 50140000
5300193 31190
5300207 34121
5300208 34121
5350004 6614700
5350005 12011
5350006 12011
5350007 6664500
5350041 15001
5350042 15001
5350044 15001
5350045 15001
5350046 15001
5350047 50150000
5350048 15001
5350049 15001
5350050 50150001
5350052 50150001
5350054 50150001
5350055 15001
5350056 15001
5350080 6990800
5350087 21010
5350088 21010
5350089 21010
5350090 21010
5350096 63003
5350104 35002
5380001 6664500
5380006 15001
5380007 50150000
5380009 15001
5400018 9006
5400026 12011
5400027 6604700
5400028 6604700
5400029 6604700
5400030 6604700
5400031 6604700
5400032 6604700
5400033 6604700
5400034 12012
5400035 6614701
5400036 6614701
5400037 12012
5400038 6654601
5400043 12070
5400044 6654604
5400047 6654604
5400048 6654602
5400050 6654602
5400051 6654602
5400070 6664500
5400071 6664500
5400072 6664500
5400073 6664500
5400089 50140000
5400090 50140000
5400091 50140000
5400107 6880800
5400161 34121
5400163 34121
5450003 9006
5450020 50110000
5450023 6614700
5450024 6614700
5450025 12011
5450026 12011
5450027 6614600
5450028 6614600
5450029 6614600
5450030 6614600
5450031 6614600
5450033 12012
5450042 6664500
5450043 6664500
5450044 6664500
5450045 6664500
5450046 6664500
5450074 15001
5450075 15001
5450076 15001
5450077 50150000
5450078 15001
5450079 15001
5450080 15001
5450081 15001
5450082 15001
5450083 50150001
5450086 50150001
5450087 6515500
5450088 50150001
5450090 15001
5450111 63003
5450122 34121
5450126 35002
5500001 450000
5500005 9006
5500007 6604700
5500008 12012
5500009 6654601
5500010 6654602
5500011 6654602
5500031 6990800
5500048 34121
5500049 34121
5510000 16000
5600007 9006
5600008 9006
5600012 50110000
5600013 50110000
5600015 12011
5600016 12011
5600017 6614701
5600018 6654601
5600020 6654604
5600028 6664500
5600039 15001
5600040 6515500
5600041 50150001
5600042 50150001
5600048 6880800
5600068 21010
5600095 34121
5610004 9006
5610010 50110000
5610012 12011
5610013 6614600
5610014 6614600
5610015 6604700
5610016 6604700
5610018 12012
5610019 12070
5610030 50140000
5610033 50150000
5610034 15001
5610035 15001
5610037 15001
5610045 6890800
5610047 200000
5610073 34121
5620001 12012
5620002 12012
5620003 6654601
5620007 6880800
5620020 34121
5650006 9006
5650010 6614700
5650011 12011
5650012 12012
5650013 6614600
5650014 6604700
5650015 6654604
5650018 50140000
5650021 50150000
5650022 6515500
5650026 6890800
5650034 21010
5650066 34121
5700000 15001
5750015 9006
5750017 9006
5750026 50110000
5750027 50110000
5750030 12011
5750031 12012
5750032 12012
5750033 6614600
5750034 12012
5750035 6614701
5750042 6654604
5750045 6654604
5750047 6654604
5750048 6654601
5750061 6664500
5750084 15001
5750085 50150000
5750086 15001
5750087 15001
5750088 15001
5750089 50150000
5750092 50150001
5750093 6515500
5750107 6880800
5750108 6880800
5750109 6880800
5750111 6880800
5750113 6880800
5750114 6880800
5750117 6880800
5750121 6880800
5750147 6990800
5750151 6990800
5750162 21010
5750163 21010
5750164 21010
5750165 21010
5750199 63003
5750200 63003
5750233 34121
5750236 35002
5800003 13000
5900000 12012
5900001 6614600
5900002 50150001
5900010 6870800
6000014 50110000
6000015 50110000
6000016 50110000
6000017 50110000
6000018 50110000
6000019 9006
6000020 9006
6000021 9006
6000029 9006
6000030 9006
6000031 9006
6000032 9006
6000033 9006
6000034 9006
6000035 6614701
6000036 6614600
6000037 6614600
6000038 12011
6000039 6614700
6000040 6614600
6000041 12011
6000042 12011
6000043 12011
6000044 12011
6000045 12011
6000046 12011
6000047 12011
6000048 12011
6000049 12011
6000050 12011
6000051 12011
6000052 12011
6000053 12011
6000054 12012
6000055 12012
6000056 12012
6000057 12011
6000058 12011
6000059 12011
6000060 12011
6000061 12011
6000062 12011
6000063 12011
6000064 6614700
6000065 12011
6000066 12012
6000067 12012
6000068 12012
6000069 12012
6000070 6604700
6000071 6614701
6000072 6614600
6000073 6614600
6000074 6614700
6000075 6604700
6000076 6604700
6000077 6604700
6000078 6604700
6000079 12012
6000080 12012
6000081 12012
6000082 12012
6000083 6604700
6000084 6604700
6000085 6604700
6000086 6604700
6000087 6604700
6000088 6614701
6000089 6614701
6000090 6614701
6000091 6614701
6000092 6614701
6000093 12011
6000094 12011
6000095 12011
6000096 12011
6000097 6614600
6000098 6614600
6000099 6614600
6000100 6614600
6000101 6614600
6000102 6614600
6000103 6614600
6000104 6614600
6000105 6614600
6000106 6614701
6000107 6614701
6000108 6604700
6000109 6604700
6000110 6604700
6000111 6604700
6000114 12012
6000115 6604700
6000116 6604700
6000117 12012
6000118 12012
6000119 6604700
6000120 12012
6000121 12012
6000122 6614701
6000123 6614701
6000124 6614701
6000126 6614600
6000127 6614600
6000128 6614701
6000129 6614600
6000130 6614600
6000131 6614600
6000133 6614700
6000134 6654604
6000138 6654604
6000144 6654604
6000145 6654604
6000146 6654604
6000150 6654601
6000151 6654604
6000154 6654601
6000167 6654601
6000168 6654601
6000170 6654602
6000171 6654602
6000172 6654602
6000173 6654602
6000174 6654602
6000175 6654602
6000176 6654602
6000202 6654604
6000203 6654604
6000206 12020
6000207 6654601
6000211 6654604
6000213 6654604
6000214 12070
6000260 6664500
6000261 6664500
6000262 6664500
6000263 6664500
6000277 6664500
6000278 6664500
6000279 6664500
6000317 50150001
6000318 50150001
6000319 50150001
6000320 50150001
6000321 50150001
6000327 50150001
6000328 50150001
6000329 50150001
6000331 50150001
6000332 15001
6000333 6515500
6000334 6515500
6000335 15001
6000336 15001
6000337 15001
6000338 15001
6000339 15001
6000340 15001
6000341 50150000
6000342 50150000
6000343 50150000
6000347 50150000
6000348 50150000
6000349 50150000
6000350 50150000
6000351 50150000
6000352 50150000
6000361 50150001
6000375 50150001
6000376 50150001
6000377 50150001
6000378 50150001
6000381 6870800
6000544 63003
6000615 34121
6000616 34121
6000617 34121
6000618 35002
6000621 35002
6000622 35002
6000623 35002
6000624 35002
7500013 6604700
7500014 12011
7500015 6654604
7500016 6664500
7600007 12070
7700022 11102
7700024 12012
7700025 12012
7700026 12012
7700027 12012
7700029 6614600
7700030 6614600
7700031 12011
7700032 12011
7700034 6654602
7700040 6654601
7700048 12011
7700049 12011
7700050 6664500
7700052 6664500
7700053 6664500
7700077 15001
7700078 15001
7700079 15001
7700080 15001
7700158 31081
7700187 34111
7700188 34111
7700189 34121
7700190 34121
7700191 34121
7700200 35002
7800004 6614600
7800006 6654601
8600001 12070
8650000 6654604
8700072 35002
8700092 34121
8700124 15001
8700125 15001
8700126 15001
8700127 15001
8700140 12012
8700141 12012
8700142 12012
8700144 6614600
8700145 12011
8700146 6614700
8700147 12011
8700153 6654601
8700155 12020
8700163 6664500
8700164 6664500
8700232 21010
8800005 10000
8800006 10000
8800007 10000
8800008 10000
8800009 10010
8800010 11000
8800011 11000
8800012 11000
8800013 11000
8800014 11000
8800015 11000
8800016 11000
8800017 11000
8800018 11050
8800019 11050
8800020 11050
8800021 11050
8800022 11050
8800023 11050
8800024 11100
8800025 11100
8800026 11100
8800027 12012
8800028 12012
8800029 12012
8800030 12012
8800031 12010
8800032 6614600
8800033 12011
8800034 12011
8800035 12010
8800036 6614600
8800037 6654602
8800038 12020
8800039 12070
8800040 12070
8800041 12020
8800042 12020
8800043 6654601
8800044 12070
8800045 12030
8800046 12030
8800047 12030
8800048 12030
8800049 12030
8800050 12030
8800051 12011
8800052 12011
8800053 6664500
8800054 12050
8800055 6664500
8800056 6664500
8800059 12070
8800060 12020
8800061 13000
8800062 13000
8800063 13000
8800064 13000
8800065 13000
8800066 13000
8800067 13000
8800068 13000
8800069 13000
8800070 13000
8800071 13000
8800072 13000
8800073 14000
8800074 14000
8800075 14000
8800076 14000
8800077 15000
8800078 15000
8800079 15000
8800080 15000
8800081 15000
8800082 15001
8800083 15001
8800084 15001
8800085 15001
8800086 16000
8800087 16000
8800088 16000
8800089 16000
8800090 16000
8800091 16000
8800092 16000
8800093 16000
8800094 18000
8800095 18000
8800096 18000
8800097 19000
8800098 20000
8800099 20000
8800100 20000
8800101 20000
8800102 20010
8800103 20010
8800104 20010
8800105 20010
8800106 20010
8800107 20010
8800108 21000
8800109 21000
8800110 21000
8800111 21000
8800112 21000
8800113 21000
8800114 21010
8800115 21010
8800116 21010
8800117 21010
8800118 21010
8800119 21010
8800120 21010
8800121 21010
8800122 22000
8800123 22000
8800124 22000
8800125 22000
8800127 28000
8800128 28000
8800129 30000
8800130 30010
8800131 30020
8800132 30030
8800133 30040
8800134 30050
8800135 30060
8800136 30070
8800137 30080
8800138 30090
8800139 30100
8800140 30110
8800141 30120
8800142 30130
8800143 30140
8800144 30150
8800145 30160
8800149 65002
8800151 31010
8800153 31030
8800154 31040
8800155 31050
8800156 31060
8800157 31060
8800158 31070
8800159 31080
8800160 31081
8800162 31090
8800163 31100
8800164 31110
8800165 31120
8800166 31150
8800167 31170
8800168 31180
8800169 31190
8800170 31200
8800171 31210
8800173 32000
8800177 32050
8800179 32070
8800180 32080
8800183 34100
8800184 34100
8800185 34110
8800186 34111
8800187 34111
8800188 34121
8800190 34121
8800191 34130
8800192 34130
8800193 34140
8800194 34140
8800195 34150
8800196 35000
8800197 35000
8800198 35000
8800199 35002
8800200 35000
8800201 39200
8800202 39200
8800203 39200
8800204 40000
8800205 40010
8800206 40020
8800207 41000
8800208 41010
8800209 41020
8800210 42000
8800211 42010
8800212 42020
8800213 42030
8800214 43000
8800215 43010
8800216 43010
8900073 6654601
8900082 6654604
8900085 6654604
9000008 6614701
9000009 12011
9000010 12012
9000011 6614700
9000012 12020
9000013 12070
9000015 6654601
9000016 6654602
9000021 12011
9000022 6664500
9000030 15001
9000099 34111
9000100 34121
9000103 35002
9100004 6664500
9200002 6654602
9200003 6664500
